7.5077344285,1.374,0.8888906179121504
7.52224503766,1.3760000000000003,0.8876844447602918
7.53555099248,1.464,0.9726379027140153
7.549075975360001,1.4779999999999998,0.9664346425741096
7.562436687200001,1.4899999999999998,0.9842121058937219
7.575742642020001,1.5019999999999998,0.9717415462215564
7.5888843258000005,1.52,0.972478424292429
7.60224503764,1.528,0.9789707214566673
7.61582477754,1.5319999999999998,0.9792625296828302
7.629130732359999,1.518,0.986167597628438
7.6425462012,1.514,0.987887872675635
7.65563312796,1.524,0.9799125325398035
7.668993839800001,1.5160000000000002,0.9809116958738133
7.68208076656,1.4980000000000002,0.9725812489012349
7.6954414784,1.526,0.9810053152615579
7.70841889112,1.5,0.9827076298239908
7.7216153319,1.5119999999999998,0.9838782071631692
7.7344832306,1.54,0.9860247958135656
7.747186858259999,1.54,0.9860247958135656
7.75961670084,1.538,0.9841374551414273
7.772101300419999,1.544,0.9835711692083899
7.785242984179999,1.538,0.9797729849515224
7.7982751539200015,1.53,0.9858695529887328
7.81119780964,1.5419999999999998,0.9741746899456032
7.823025325040001,1.5839999999999999,0.9691906996277346
7.834743326399999,1.58,0.9691148917798074
7.846680355840001,1.59,0.9645237801365912
7.85850787126,1.578,0.9655895946550596
7.8701163586,1.5839999999999999,0.9672937210884514
7.882108145039999,1.5619999999999998,0.970144108798654
7.8942094455200005,1.5419999999999998,0.9649130234674743
7.90789869944,1.6580000000000001,1.2811171782822193
7.9214784393399995,1.642,1.286839190435548
7.934674880139999,1.656,1.2890686402141949
7.948528405119999,1.646,1.290658746532173
7.962108145019999,1.6980000000000002,1.2918093623176092
7.9755783709,1.622,1.162911546638919
7.9891033538,1.6160000000000003,1.1669531232387762
8.00191649548,1.754,1.4630426779663745
8.01527720732,1.7560000000000002,1.4620589340141568
8.02869267618,1.7759999999999996,1.4611373819663884
8.04254620116,1.76,1.4674704043881437
8.056454483160001,1.7460000000000002,1.477202264624667
8.07036276516,1.764,1.47714009394602
8.08427104716,1.768,1.4758518812910069
8.09856262828,1.77,1.4752723719464726
8.1128542094,1.8,1.462036600228655
8.12752908962,1.8159999999999998,1.4741805056590953
8.142861054039999,1.8219999999999998,1.4705670154531467
8.15824777548,1.87,1.4656961847949421
8.172813141659999,1.92,1.4641289114650238
8.187159479799998,1.926,1.4604737839034934
8.20167008898,1.8619999999999999,1.414774807205034
8.21623545518,1.8780000000000001,1.413966775004394
8.23069130734,1.858,1.401906864646456
8.24492813144,1.91,1.4100586179738943
8.25894592746,1.896,1.412619509121625
8.27290896648,1.8760000000000003,1.4109715859387568
8.287036276539999,1.882,1.4108457443270384
8.301108829579999,1.896,1.4023246006949623
8.31545516772,1.964,1.4399206327334253
8.330294319,1.9680000000000002,1.4374637528704253
8.344750171160001,1.974,1.434816350333266
8.359534565419999,1.972,1.4355600485738047
8.37399041758,1.954,1.4344464907042986
8.3882819987,1.982,1.4250943398775466
8.40246406578,1.97,1.4283214066925998
8.416974674959999,1.9360000000000002,1.440487445843473
8.43148528412,1.954,1.4328806435902157
8.44610540732,1.93,1.4353055566033064
8.46045174546,1.9240000000000004,1.4373388108385778
8.4744695415,1.9480000000000002,1.4486080581449383
8.488542094540001,1.96,1.4396711642678997
8.50283367564,1.956,1.4429504920297784
8.51712525674,1.922,1.4498824723657673
8.53147159488,1.912,1.454569155651057
8.54614647508,1.91,1.4553560473264942
8.5608761123,1.942,1.4570154005881408
8.575879534619999,1.91,1.4731958873310025
8.59055441484,1.926,1.4663309758073875
8.60544832312,1.936,1.4636772254866042
8.6193018481,1.8259999999999998,1.2240464843780925
8.633648186219999,1.962,1.4623003962864785
8.64876112256,1.952,1.4623492421861644
8.6635455168,1.952,1.4623492421861644
8.67832991104,1.9580000000000002,1.467343844906051
8.69295003424,1.942,1.4734507602418014
8.708062970579999,2.028,1.5240975918187638
8.72312114992,1.92,1.2695813225996504
8.737850787160001,1.9180000000000001,1.270977448056962
8.75252566738,1.8840000000000001,1.285930140610528
8.766926762519999,1.9480000000000002,1.3102796087328934
8.78116358662,1.992,1.2940744072226185
8.79561943876,1.9880000000000002,1.2937274103322143
8.80963723478,1.9900000000000002,1.2928768743561383
8.82321697468,1.986,1.2950470797525124
8.837015742639998,1.9880000000000002,1.294988771521725
8.85059548256,1.9480000000000002,1.2844819490950508
8.86439425052,1.984,1.2854539418955055
8.8779192334,1.99,1.290506940417333
8.89177275838,1.98,1.283649135099158
8.90573579738,2.0180000000000002,1.2882023544934424
8.91958932236,2.0260000000000002,1.2848902120970715
8.93377138942,2.02,1.2847615517666924
8.94784394246,2.014,1.2846042827522046
8.96208076656,1.9660000000000002,1.2765722598795093
8.97637234768,1.98,1.2729525377111695
8.990828199820001,1.994,1.2714141251185707
9.00484599586,2.046,1.3237562510692433
9.0189185489,2.0580000000000003,1.3204961961632575
9.032662559839999,2.0439999999999996,1.298690077873604
9.046078028679998,2.0540000000000003,1.293975049439296
9.0597125256,2.0540000000000003,1.2939750494392959
9.073620807600001,2.076,1.2919783911758378
9.08763860362,2.06,1.3029010017680405
9.1018206707,2.066,1.3042489433089255
9.115893223739999,2.074,1.3006764331198861
9.12958247768,2.082,1.2926306036726118
9.14316221758,2.0980000000000003,1.294019209395948
9.15635865836,2.108,1.2888596446756602
9.16988364124,2.114,1.2857158730148932
9.18340862412,2.104,1.2790238624890178
9.196988364040001,2.09,1.2928768743561383
9.2104038329,2.138,1.2847440783824517
9.22420260088,2.142,1.2807985391774865
9.2378370978,2.166,1.2701614874029334
9.2513620807,2.166,1.2701614874029334
9.26532511972,2.1180000000000003,1.290892745983435
9.27895961664,2.248,1.4337392242891682
9.292594113560002,2.27,1.433598298559486
9.30617385346,2.28,1.4319958955590477
9.31937029426,2.306,1.4385948359565373
9.33218343594,2.1660000000000004,1.239751456328803
9.344229979400001,2.244,1.3292870576488185
9.35616700884,2.252,1.3240691763172607
9.3682135523,2.236,1.3159554610662947
9.38047912382,2.26,1.3038404810405297
9.3919233401,2.262,1.3081986368550411
9.40358658444,2.2640000000000002,1.3086462860684762
9.41503080072,2.32,1.313353706806995
9.42652977402,2.34,1.2925216612877166
9.43775496224,2.3080000000000003,1.2701984418320837
9.448980150459999,2.286,1.2745563453810194
9.4602053387,2.2920000000000003,1.2738884710737803
9.47143052694,2.3,1.2700634726224496
9.48271047218,2.336,1.263742417567434
9.493771389359999,2.328,1.2671742627771834
9.50477754952,2.426,1.3712514766609727
9.51507186848,2.3840000000000003,1.3884891216053248
9.52563997252,2.378,1.38553607101426
9.536098562540001,2.448,1.482033903052126
9.54666666658,2.4059999999999997,1.4928961033877088
9.55772758376,2.43,1.4909591488949219
9.56813141676,2.42,1.496253825460133
9.57848049274,2.406,1.5044708880736857
9.5887748117,2.424,1.4926431835738199
9.5989048596,2.5,1.5655735077482837
9.60925393558,2.532,1.575635926040204
9.619931553639999,2.4579999999999997,1.5633676366571423
9.630828199779998,2.4579999999999997,1.5633676366571423
9.6416700889,2.406,1.5644533504436258
9.652347706979999,2.396,1.5706439599666093
9.6631895961,2.41,1.5656060963663854
9.673538672080001,2.42,1.5677879906650227
9.68427104718,2.458,1.5506535817558496
9.6951129363,2.5359999999999996,1.6478507957026811
9.7062286105,2.5359999999999996,1.6478507957026811
9.71728952768,2.58,1.6353243452861925
9.72829568786,2.56,1.641179267403504
9.73935660514,2.552,1.6464234583124817
9.75025325132,2.592,1.6471174573682799
9.76125941158,2.56,1.6604646509766046
9.772101300760001,2.62,1.6385658238788192
9.78338124592,2.654,1.666134472854053
9.79504449036,2.682,1.649451362095399
9.8071457908,2.7179999999999995,1.65833577752529
9.81935660524,2.714,1.6620628932818666
9.831348391739999,2.741999999999999,1.6338373510836133
9.8432306642,2.6439999999999997,1.522505990068978
9.85511293666,2.6039999999999996,1.5444383431909372
9.866666667020002,2.594,1.5480613287434772
9.87805612632,2.616,1.5660114420829414
9.89037645496,2.68,1.547216064749978
9.903627652780001,2.5980000000000003,1.4971387677152437
9.916933607699999,2.662,1.521799418250564
9.930130048599999,2.7460000000000004,1.6250852410923946
9.943271732420001,2.7460000000000004,1.6250852410923946
9.956468173240001,2.676,1.5967518049248017
9.96993839918,2.656,1.6039695655924833
9.98351813912,2.61,1.60347199819005
9.99742642104,2.6940000000000004,1.6533713238997096
10.011225188920001,2.7220000000000004,1.6601315413827538
10.02524298496,2.8380000000000005,1.7718766714349818
10.0389869959,2.894,1.798571995915036
10.05388090422,2.906,1.7937999797488398
10.068665298500001,2.9139999999999997,1.7951192331498456
10.08328542174,2.934,1.785726857098606
10.09785078794,2.934,1.785726857098606
10.112470911099999,2.95,1.7697284468274233
10.12698152036,2.91,1.793326631755427
10.141601643519998,2.8139999999999996,1.7469518643415824
10.156167009799999,2.8840000000000003,1.7428992969141026
10.170239562919999,2.8920000000000003,1.7438919644500543
10.18464065802,2.92,1.7306363109608924
10.199151267119998,2.9580000000000006,1.7128672703143948
10.21388090438,3.02,1.7298106537882068
10.228555784640001,3.02,1.729810653788207
10.242902122739999,2.9939999999999998,1.7276160287682976
10.256755647699997,3.036,1.700991307611955
10.27049965856,3.0260000000000002,1.7086586217598545
10.284462697619999,3.06,1.6863195039457246
10.29842573666,3.082,1.668641143357709
10.31233401858,3.17,1.7358465558067402
10.32646132866,3.1639999999999997,1.736964276535123
10.340424367579999,3.136,1.7557787969085026
10.354168378619999,3.112,1.7180482519179625
10.36763860458,3.1660000000000004,1.7151914274077575
10.3810540735,3.13,1.7332581093043782
10.395071869599999,3.138,1.7269638333308124
10.4091444226,3.1620000000000004,1.7091458661672896
10.423271732600002,3.182,1.7201910192932477
10.4369062294,3.1820000000000004,1.7201910192932477
10.450595483199999,3.1740000000000004,1.7196119638227831
10.463956195199998,3.218,1.7888190152689443
10.477316906999999,3.27,1.8022944559983667
10.490787133,3.326,1.8677510212956705
10.5034360038,3.3680000000000003,1.8400798562972804
10.5159206034,3.3820000000000006,1.8305446942238313
10.528514716999998,3.3640000000000003,1.8487458517843374
10.541546886799999,3.3739999999999997,1.8359016024497476
10.555071869599999,3.434,1.8324300805214915
10.5688158806,3.466,1.8633533519667478
10.582231349399999,3.446,1.8650611414172162
10.594770705999998,3.5439999999999996,1.8892996218769775
10.607748118599998,3.61,1.9890773166040003
10.620780288199999,3.5260000000000002,1.944097293273741
10.6336481868,3.532,1.940380774750257
10.647282683799999,3.5879999999999996,1.9238184818273287
10.6604243676,3.698,1.9646352935684255
10.673839836399997,3.75,1.9395191914176952
10.687200548400002,3.752,1.941621455781487
10.701218344599999,3.728,1.9484206058094482
10.7155099256,3.7020000000000004,1.9080377782594624
10.7298562638,3.6379999999999995,1.9138474978163644
10.7430527046,3.64,1.9126858986615587
10.756249145400002,3.6140000000000003,1.9248122092340143
10.769828885199999,3.6220000000000003,1.9213398811182552
10.783353867999999,3.5720000000000005,1.8850691537144504
10.796933608000002,3.5660000000000003,1.8919388608148056
10.810513347800002,3.6439999999999997,1.8599056372815899
10.824093087800001,3.7340000000000004,1.8530295106519319
10.8377823416,3.7979999999999996,1.9335375214716612
10.851635866599999,3.7740000000000005,1.9472439969540205
10.865160849599999,3.7320000000000007,1.9908402492312594
10.8786310756,3.766,1.9943399501425763
10.8927583856,3.8280000000000003,2.07983908325738
10.9073237518,3.77,2.0641003376971847
10.921889118000001,3.786,2.0571438492061103
10.9372210824,3.862,2.0973150960799614
10.9533744022,4.018,2.2053450838305353
10.9694729648,4.093999999999999,2.227876265204427
10.9855715274,4.152,2.217945362864708
11.001889118200001,4.068,2.202821937832452
11.017878166800001,4.034,2.2372185719717934
11.033757701399999,4.16,2.2574140885860836
11.0496372358,4.167999999999999,2.2618792981022824
11.0655715272,4.12,2.282229486395141
11.082600959,4.2,2.2548813263492087
11.099082820600001,4.318,2.2914828992490914
11.115893224400002,4.298,2.311946789868589
11.1327036282,4.262,2.3211441584015486
11.149623546000003,4.364,2.2912219358202015
11.166817249000001,4.329999999999999,2.3227578611712096
11.184284736999999,4.215999999999999,2.3289097037376236
11.2009856268,4.226,2.333413895596592
11.2172484604,4.218,2.325079766022522
11.233675564999999,4.294,2.353062268792802
